 
 
 
    // big daddy company !! server 9001 ===> aiop 
 
            
              (1)
            (1) (1)
           (1)   (2)             0(1)0
          (1)     (3)           (1) (1)
         (1)       (4)           0(1)0
        (1)         (5)           
       (1)           (6)          (1)
      (1)             (7)         (1)       ()()()()       (1)(2)(3)0
     (1)(2)(3)(4)(5)(6)(7)        (1)     ()       ()      (1)      (4)
    (1)                 (7)       (1)    ()         ()     (1)      (4)
   (1)                   (7)      (1)    ()         ()     (1)      (4)
  (1)                     (7)     (1)     ()       ()      (1)(2)(3)(4)
 (1)                       (7)    (1)       ()()()()       (1)
                                                           (1)
                                                           (1)
                                                           (1)
                                                           (1)
                                                           (1)  
////////////////////////////////////////////////////////////////////////  





